1234,201111010800,201111011300
1234,201111011400,201111011700
1235,201111010800,201111011300
1235,201111011400,201111011700
1236,201111010800,201111011300
1236,201111011400,201111011700
1237,201111010800,201111011300
1238,201111010800,201111011300
1238,201111011400,201111012000
1239,201111010800,201111011300
1239,201111011400,201111011700
1240,201111010800,201111011300
1240,201111011400,201111011700
1241,201111010800,201111011300
1241,201111011400,201111011700
1242,201111010800,201111011300
1242,201111011400,201111011900
1243,201111010800,201111011300
1243,201111011400,201111011700
1244,201111010800,201111011300
1244,201111011400,201111011900
1245,201111010800,201111011300
1245,201111011400,201111011900
1246,201111010800,201111011300
1246,201111011400,201111011700
1247,201111010800,201111011300
1247,201111011400,201111011700
1248,201111010800,201111011300
1248,201111011400,201111012000
1249,201111010800,201111011300
1249,201111011400,201111011700
1250,201111010800,201111011300
1250,201111011400,201111011700
1251,201111010800,201111011300
1251,201111011400,201111012000
1252,201111010800,201111011300
1252,201111011400,201111011700
1253,201111010800,201111011300
1253,201111011400,201111011700
1254,201111010800,201111011300
1254,201111011400,201111011700
1255,201111010730,201111011300
1255,201111011400,201111011700
1256,201111010800,201111011300
1256,201111011400,201111011700
1257,201111010730,201111011300
1257,201111011400,201111011700
1260,201111010800,201111011300
1260,201111011400,201111011700
1234,201111020800,201111021300
1234,201111021400,201111021700
1235,201111020800,201111021300
1235,201111021400,201111022000
1236,201111020800,201111021300
1237,201111020730,201111021300
1237,201111021400,201111021700
1238,201111020800,201111021300
1238,201111021400,201111022000
1239,201111020800,201111021300
1239,201111021400,201111022000
1240,201111020800,201111021300
1240,201111021400,201111022000
1241,201111020800,201111021300
1241,201111021400,201111021700
1242,201111020800,201111021300
1243,201111020800,201111021300
1243,201111021400,201111021700
1244,201111020800,201111021300
1244,201111021400,201111021700
1245,201111020730,201111021300
1245,201111021400,201111021700
1247,201111020800,201111021300
1247,201111021400,201111021700
1248,201111020800,201111021300
1249,201111020800,201111021300
1249,201111021400,201111021700
1250,201111020800,201111021300
1251,201111020730,201111021300
1251,201111021400,201111021700
1252,201111020800,201111021300
1252,201111021400,201111021700
1253,201111020800,201111021300
1254,201111020800,201111021300
1255,201111020800,201111021300
1255,201111021400,201111021700
1256,201111020800,201111021300
1256,201111021400,201111021700
1257,201111020800,201111021300
1257,201111021400,201111021700
1258,201111020800,201111021300
1258,201111021400,201111022000
1234,201111030800,201111031300
1234,201111031400,201111031700
1237,201111030800,201111031300
1237,201111031400,201111031700
1238,201111030800,201111031300
1238,201111031400,201111032000
1239,201111030800,201111031300
1239,201111031400,201111031700
1240,201111030800,201111031300
1240,201111031400,201111031700
1241,201111030800,201111031300
1241,201111031400,201111032000
1242,201111030800,201111031300
1242,201111031400,201111031700
1243,201111030800,201111031300
1243,201111031400,201111032000
1244,201111030800,201111031300
1244,201111031400,201111031700
1245,201111030730,201111031300
1245,201111031400,201111031700
1246,201111030800,201111031300
1246,201111031400,201111032000
1248,201111030800,201111031300
1248,201111031400,201111032000
1249,201111030800,201111031300
1249,201111031400,201111031900
1250,201111030800,201111031300
1250,201111031400,201111031700
1251,201111030800,201111031300
1251,201111031400,201111032000
1252,201111030800,201111031300
1252,201111031400,201111031900
1253,201111030800,201111031300
1253,201111031400,201111031900
1254,201111030800,201111031300
1254,201111031400,201111031700
1255,201111030800,201111031300
1255,201111031400,201111031700
1256,201111030800,201111031300
1256,201111031400,201111031700
1257,201111030800,201111031300
1257,201111031400,201111032000
1258,201111030800,201111031300
1258,201111031400,201111031700
1260,201111030800,201111031300
1260,201111031400,201111031700
1234,201111040800,201111041300
1234,201111041400,201111041700
1235,201111040800,201111041300
1235,201111041400,201111041700
1236,201111040800,201111041300
1236,201111041400,201111041900
1237,201111040800,201111041300
1237,201111041400,201111041700
1238,201111040800,201111041300
1238,201111041400,201111041700
1239,201111040730,201111041300
1239,201111041400,201111041700
1240,201111040800,201111041300
1241,201111040800,201111041300
1241,201111041400,201111042000
1242,201111040800,201111041300
1242,201111041400,201111041700
1243,201111040800,201111041300
1243,201111041400,201111042000
1244,201111040800,201111041300
1244,201111041400,201111041700
1245,201111040800,201111041300
1245,201111041400,201111041900
1246,201111040800,201111041300
1246,201111041400,201111041700
1248,201111040800,201111041300
1249,201111040800,201111041300
1249,201111041400,201111041700
1250,201111040730,201111041300
1250,201111041400,201111041700
1251,201111040730,201111041300
1251,201111041400,201111041700
1252,201111040800,201111041300
1252,201111041400,201111041700
1253,201111040800,201111041300
1253,201111041400,201111042000
1254,201111040800,201111041300
1255,201111040800,201111041300
1255,201111041400,201111041900
1256,201111040800,201111041300
1256,201111041400,201111041700
1257,201111040800,201111041300
1257,201111041400,201111041700
1260,201111040800,201111041300
1260,201111041400,201111042000
1234,201111050800,201111051300
1234,201111051400,201111051700
1235,201111050800,201111051300
1235,201111051400,201111051700
1236,201111050800,201111051300
1236,201111051400,201111052000
1238,201111050800,201111051300
1238,201111051400,201111051900
1240,201111050800,201111051300
1240,201111051400,201111051700
1241,201111050800,201111051300
1241,201111051400,201111051900
1242,201111050800,201111051300
1242,201111051400,201111051700
1243,201111050800,201111051300
1243,201111051400,201111051900
1244,201111050800,201111051300
1244,201111051400,201111051700
1245,201111050800,201111051300
1245,201111051400,201111051700
1246,201111050800,201111051300
1246,201111051400,201111052000
1247,201111050800,201111051300
1247,201111051400,201111051700
1248,201111050800,201111051300
1249,201111050800,201111051300
1249,201111051400,201111051700
1250,201111050800,201111051300
1250,201111051400,201111052000
1251,201111050800,201111051300
1251,201111051400,201111052000
1252,201111050800,201111051300
1252,201111051400,201111051700
1253,201111050800,201111051300
1253,201111051400,201111051700
1254,201111050800,201111051300
1254,201111051400,201111051700
1255,201111050800,201111051300
1255,201111051400,201111051700
1257,201111050800,201111051300
1257,201111051400,201111052000
1258,201111050800,201111051300
1258,201111051400,201111051700
1260,201111050800,201111051300
1260,201111051400,201111051700
1234,201111060800,201111061300
1234,201111061400,201111061900
1235,201111060800,201111061300
1235,201111061400,201111061700
1236,201111060800,201111061300
1236,201111061400,201111061700
1237,201111060800,201111061300
1237,201111061400,201111062000
1238,201111060800,201111061300
1238,201111061400,201111061700
1239,201111060800,201111061300
1239,201111061400,201111061700
1240,201111060800,201111061300
1240,201111061400,201111061700
1241,201111060800,201111061300
1241,201111061400,201111061700
1242,201111060800,201111061300
1242,201111061400,201111061700
1243,201111060800,201111061300
1243,201111061400,201111061700
1244,201111060800,201111061300
1244,201111061400,201111061700
1245,201111060730,201111061300
1245,201111061400,201111061700
1246,201111060800,201111061300
1246,201111061400,201111061700
1247,201111060800,201111061300
1247,201111061400,201111061700
1248,201111060800,201111061300
1248,201111061400,201111062000
1249,201111060800,201111061300
1249,201111061400,201111061700
1250,201111060800,201111061300
1250,201111061400,201111061700
1251,201111060800,201111061300
1251,201111061400,201111061700
1252,201111060800,201111061300
1252,201111061400,201111062000
1253,201111060800,201111061300
1253,201111061400,201111061700
1254,201111060730,201111061300
1254,201111061400,201111061700
1255,201111060800,201111061300
1255,201111061400,201111061700
1256,201111060800,201111061300
1256,201111061400,201111061700
1257,201111060800,201111061300
1257,201111061400,201111061700
1258,201111060800,201111061300
1258,201111061400,201111061700
1260,201111060800,201111061300
1260,201111061400,201111061700
1234,201111070800,201111071300
1234,201111071400,201111072000
1235,201111070800,201111071300
1235,201111071400,201111071700
1237,201111070800,201111071300
1237,201111071400,201111072000
1238,201111070800,201111071300
1238,201111071400,201111071700
1239,201111070800,201111071300
1239,201111071400,201111071700
1240,201111070800,201111071300
1240,201111071400,201111072000
1241,201111070800,201111071300
1241,201111071400,201111071700
1242,201111070800,201111071300
1242,201111071400,201111071700
1243,201111070800,201111071300
1243,201111071400,201111071700
1245,201111070800,201111071300
1245,201111071400,201111071700
1246,201111070800,201111071300
1247,201111070730,201111071300
1247,201111071400,201111071700
1248,201111070800,201111071300
1248,201111071400,201111071700
1249,201111070800,201111071300
1249,201111071400,201111071700
1250,201111070800,201111071300
1250,201111071400,201111072000
1251,201111070800,201111071300
1251,201111071400,201111071700
1252,201111070800,201111071300
1252,201111071400,201111071700
1253,201111070800,201111071300
1253,201111071400,201111071700
1255,201111070800,201111071300
1255,201111071400,201111071900
1256,201111070800,201111071300
1256,201111071400,201111071700
1258,201111070800,201111071300
1258,201111071400,201111071700
1234,201111080800,201111081300
1235,201111080800,201111081300
1235,201111081400,201111081700
1236,201111080800,201111081300
1236,201111081400,201111081700
1237,201111080800,201111081300
1237,201111081400,201111081700
1238,201111080730,201111081300
1238,201111081400,201111081700
1240,201111080800,201111081300
1240,201111081400,201111081700
1241,201111080800,201111081300
1241,201111081400,201111081700
1242,201111080800,201111081300
1242,201111081400,201111081900
1244,201111080800,201111081300
1244,201111081400,201111081700
1245,201111080730,201111081300
1245,201111081400,201111081700
1246,201111080800,201111081300
1246,201111081400,201111081700
1247,201111080800,201111081300
1247,201111081400,201111081700
1248,201111080800,201111081300
1248,201111081400,201111081700
1249,201111080800,201111081300
1249,201111081400,201111081900
1250,201111080730,201111081300
1250,201111081400,201111081700
1251,201111080800,201111081300
1252,201111080800,201111081300
1252,201111081400,201111081700
1253,201111080800,201111081300
1253,201111081400,201111081700
1254,201111080730,201111081300
1254,201111081400,201111081700
1255,201111080730,201111081300
1255,201111081400,201111081700
1256,201111080800,201111081300
1256,201111081400,201111081700
1257,201111080800,201111081300
1258,201111080800,201111081300
1258,201111081400,201111081700
1260,201111080800,201111081300
1234,201111090800,201111091300
1234,201111091400,201111091700
1235,201111090800,201111091300
1235,201111091400,201111092000
1236,201111090730,201111091300
1236,201111091400,201111091700
1237,201111090800,201111091300
1237,201111091400,201111092000
1238,201111090800,201111091300
1238,201111091400,201111091700
1239,201111090800,201111091300
1239,201111091400,201111091700
1241,201111090800,201111091300
1241,201111091400,201111092000
1242,201111090800,201111091300
1242,201111091400,201111092000
1243,201111090730,201111091300
1243,201111091400,201111091700
1244,201111090800,201111091300
1244,201111091400,201111091700
1245,201111090800,201111091300
1245,201111091400,201111091700
1246,201111090800,201111091300
1246,201111091400,201111091700
1247,201111090730,201111091300
1247,201111091400,201111091700
1248,201111090800,201111091300
1248,201111091400,201111091700
1249,201111090800,201111091300
1251,201111090800,201111091300
1251,201111091400,201111091700
1252,201111090800,201111091300
1252,201111091400,201111092000
1253,201111090800,201111091300
1253,201111091400,201111091700
1254,201111090800,201111091300
1254,201111091400,201111091700
1255,201111090730,201111091300
1255,201111091400,201111091700
1256,201111090800,201111091300
1256,201111091400,201111092000
1257,201111090800,201111091300
1257,201111091400,201111091700
1260,201111090800,201111091300
1260,201111091400,201111091700
1234,201111100800,201111101300
1234,201111101400,201111101700
1236,201111100800,201111101300
1236,201111101400,201111101900
1237,201111100800,201111101300
1237,201111101400,201111101700
1238,201111100800,201111101300
1238,201111101400,201111101700
1239,201111100800,201111101300
1239,201111101400,201111101700
1240,201111100800,201111101300
1240,201111101400,201111102000
1241,201111100800,201111101300
1242,201111100800,201111101300
1242,201111101400,201111101700
1243,201111100800,201111101300
1243,201111101400,201111101700
1244,201111100800,201111101300
1244,201111101400,201111101700
1245,201111100800,201111101300
1245,201111101400,201111102000
1246,201111100800,201111101300
1246,201111101400,201111101700
1247,201111100800,201111101300
1247,201111101400,201111102000
1248,201111100800,201111101300
1248,201111101400,201111101700
1249,201111100800,201111101300
1249,201111101400,201111102000
1251,201111100800,201111101300
1251,201111101400,201111101700
1252,201111100800,201111101300
1253,201111100800,201111101300
1253,201111101400,201111101700
1254,201111100800,201111101300
1255,201111100800,201111101300
1255,201111101400,201111101700
1256,201111100800,201111101300
1256,201111101400,201111101700
1257,201111100800,201111101300
1257,201111101400,201111101700
1258,201111100800,201111101300
1258,201111101400,201111101700
1234,201111110800,201111111300
1234,201111111400,201111112000
1235,201111110800,201111111300
1235,201111111400,201111111700
1236,201111110800,201111111300
1236,201111111400,201111111900
1237,201111110800,201111111300
1237,201111111400,201111111700
1238,201111110800,201111111300
1238,201111111400,201111112000
1239,201111110800,201111111300
1239,201111111400,201111111700
1240,201111110800,201111111300
1240,201111111400,201111112000
1241,201111110800,201111111300
1241,201111111400,201111111700
1242,201111110800,201111111300
1242,201111111400,201111111700
1243,201111110800,201111111300
1243,201111111400,201111111700
1245,201111110800,201111111300
1245,201111111400,201111111700
1247,201111110800,201111111300
1247,201111111400,201111112000
1248,201111110800,201111111300
1248,201111111400,201111111700
1249,201111110800,201111111300
1249,201111111400,201111111700
1250,201111110800,201111111300
1250,201111111400,201111111700
1251,201111110800,201111111300
1251,201111111400,201111111700
1252,201111110800,201111111300
1252,201111111400,201111111700
1253,201111110800,201111111300
1253,201111111400,201111111900
1254,201111110800,201111111300
1254,201111111400,201111111700
1255,201111110800,201111111300
1256,201111110730,201111111300
1256,201111111400,201111111700
1257,201111110800,201111111300
1257,201111111400,201111112000
1258,201111110800,201111111300
1258,201111111400,201111111700
1234,201111120730,201111121300
1234,201111121400,201111121700
1236,201111120730,201111121300
1236,201111121400,201111121700
1237,201111120800,201111121300
1237,201111121400,201111122000
1238,201111120800,201111121300
1238,201111121400,201111122000
1239,201111120800,201111121300
1239,201111121400,201111121700
1240,201111120800,201111121300
1240,201111121400,201111121700
1241,201111120800,201111121300
1242,201111120800,201111121300
1243,201111120800,201111121300
1243,201111121400,201111121700
1245,201111120800,201111121300
1245,201111121400,201111121700
1246,201111120800,201111121300
1246,201111121400,201111121700
1248,201111120800,201111121300
1248,201111121400,201111121700
1249,201111120800,201111121300
1249,201111121400,201111121700
1250,201111120730,201111121300
1250,201111121400,201111121700
1251,201111120800,201111121300
1251,201111121400,201111122000
1253,201111120800,201111121300
1253,201111121400,201111121700
1254,201111120800,201111121300
1254,201111121400,201111121700
1255,201111120800,201111121300
1255,201111121400,201111121700
1256,201111120800,201111121300
1256,201111121400,201111121700
1257,201111120800,201111121300
1257,201111121400,201111121700
1258,201111120800,201111121300
1258,201111121400,201111121700
1260,201111120800,201111121300
1260,201111121400,201111121700
1234,201111130800,201111131300
1234,201111131400,201111132000
1235,201111130800,201111131300
1235,201111131400,201111131700
1236,201111130800,201111131300
1236,201111131400,201111131700
1237,201111130800,201111131300
1237,201111131400,201111131700
1238,201111130800,201111131300
1239,201111130800,201111131300
1239,201111131400,201111131700
1240,201111130800,201111131300
1240,201111131400,201111131700
1241,201111130800,201111131300
1241,201111131400,201111131700
1243,201111130800,201111131300
1243,201111131400,201111132000
1244,201111130800,201111131300
1244,201111131400,201111131700
1245,201111130800,201111131300
1245,201111131400,201111131700
1246,201111130800,201111131300
1246,201111131400,201111131700
1247,201111130800,201111131300
1247,201111131400,201111131700
1249,201111130800,201111131300
1249,201111131400,201111131700
1250,201111130800,201111131300
1250,201111131400,201111131700
1251,201111130800,201111131300
1251,201111131400,201111131700
1253,201111130800,201111131300
1253,201111131400,201111131700
1255,201111130800,201111131300
1255,201111131400,201111131700
1256,201111130800,201111131300
1256,201111131400,201111131700
1257,201111130800,201111131300
1257,201111131400,201111132000
1258,201111130800,201111131300
1258,201111131400,201111131700
1260,201111130800,201111131300
1260,201111131400,201111131700
1235,201111140800,201111141300
1235,201111141400,201111141700
1236,201111140800,201111141300
1236,201111141400,201111141700
1237,201111140800,201111141300
1237,201111141400,201111141900
1238,201111140800,201111141300
1238,201111141400,201111141900
1239,201111140800,201111141300
1239,201111141400,201111141700
1240,201111140800,201111141300
1240,201111141400,201111141700
1241,201111140800,201111141300
1241,201111141400,201111141700
1242,201111140800,201111141300
1242,201111141400,201111141700
1243,201111140800,201111141300
1243,201111141400,201111141700
1244,201111140800,201111141300
1244,201111141400,201111141900
1247,201111140800,201111141300
1247,201111141400,201111141700
1248,201111140800,201111141300
1248,201111141400,201111141700
1249,201111140800,201111141300
1249,201111141400,201111141700
1251,201111140800,201111141300
1251,201111141400,201111141700
1252,201111140800,201111141300
1252,201111141400,201111142000
1253,201111140800,201111141300
1254,201111140800,201111141300
1254,201111141400,201111142000
1255,201111140800,201111141300
1255,201111141400,201111141700
1256,201111140800,201111141300
1256,201111141400,201111141700
1257,201111140800,201111141300
1257,201111141400,201111141700
1258,201111140800,201111141300
1258,201111141400,201111142000
1260,201111140800,201111141300
1260,201111141400,201111141700
1234,201111150800,201111151300
1234,201111151400,201111152000
1235,201111150800,201111151300
1235,201111151400,201111151700
1236,201111150800,201111151300
1236,201111151400,201111151700
1237,201111150800,201111151300
1237,201111151400,201111152000
1238,201111150730,201111151300
1238,201111151400,201111151700
1239,201111150800,201111151300
1239,201111151400,201111151700
1240,201111150800,201111151300
1240,201111151400,201111151900
1241,201111150800,201111151300
1241,201111151400,201111151700
1242,201111150800,201111151300
1242,201111151400,201111151700
1243,201111150800,201111151300
1243,201111151400,201111151700
1246,201111150800,201111151300
1246,201111151400,201111152000
1247,201111150800,201111151300
1247,201111151400,201111151700
1248,201111150800,201111151300
1248,201111151400,201111152000
1249,201111150800,201111151300
1249,201111151400,201111151700
1250,201111150800,201111151300
1250,201111151400,201111151900
1251,201111150800,201111151300
1251,201111151400,201111151700
1252,201111150800,201111151300
1253,201111150800,201111151300
1253,201111151400,201111152000
1254,201111150800,201111151300
1254,201111151400,201111151700
1255,201111150800,201111151300
1255,201111151400,201111151700
1257,201111150800,201111151300
1257,201111151400,201111151700
1258,201111150800,201111151300
1258,201111151400,201111152000
1234,201111160730,201111161300
1234,201111161400,201111161700
1235,201111160800,201111161300
1235,201111161400,201111162000
1236,201111160800,201111161300
1236,201111161400,201111162000
1237,201111160800,201111161300
1237,201111161400,201111161700
1238,201111160800,201111161300
1238,201111161400,201111162000
1239,201111160800,201111161300
1239,201111161400,201111161700
1240,201111160800,201111161300
1240,201111161400,201111161700
1241,201111160800,201111161300
1241,201111161400,201111161700
1242,201111160800,201111161300
1242,201111161400,201111161700
1243,201111160800,201111161300
1243,201111161400,201111161700
1244,201111160800,201111161300
1244,201111161400,201111161700
1245,201111160800,201111161300
1245,201111161400,201111161700
1247,201111160800,201111161300
1247,201111161400,201111162000
1248,201111160800,201111161300
1248,201111161400,201111161700
1249,201111160800,201111161300
1249,201111161400,201111161700
1250,201111160800,201111161300
1250,201111161400,201111161700
1251,201111160800,201111161300
1251,201111161400,201111162000
1252,201111160800,201111161300
1252,201111161400,201111161700
1253,201111160800,201111161300
1254,201111160800,201111161300
1254,201111161400,201111161700
1255,201111160800,201111161300
1255,201111161400,201111162000
1256,201111160800,201111161300
1256,201111161400,201111161700
1257,201111160800,201111161300
1257,201111161400,201111162000
1258,201111160800,201111161300
1258,201111161400,201111161700
1260,201111160800,201111161300
1260,201111161400,201111161700
1234,201111170730,201111171300
1234,201111171400,201111171700
1235,201111170800,201111171300
1235,201111171400,201111171700
1236,201111170800,201111171300
1236,201111171400,201111171700
1238,201111170800,201111171300
1238,201111171400,201111171700
1239,201111170800,201111171300
1239,201111171400,201111172000
1240,201111170800,201111171300
1240,201111171400,201111171700
1243,201111170800,201111171300
1243,201111171400,201111171700
1245,201111170800,201111171300
1245,201111171400,201111171700
1246,201111170800,201111171300
1246,201111171400,201111172000
1247,201111170800,201111171300
1247,201111171400,201111171700
1248,201111170800,201111171300
1248,201111171400,201111171700
1249,201111170800,201111171300
1249,201111171400,201111171700
1251,201111170800,201111171300
1251,201111171400,201111171700
1252,201111170730,201111171300
1252,201111171400,201111171700
1253,201111170730,201111171300
1253,201111171400,201111171700
1254,201111170800,201111171300
1254,201111171400,201111171700
1256,201111170800,201111171300
1256,201111171400,201111171700
1257,201111170800,201111171300
1260,201111170800,201111171300
1260,201111171400,201111171700
1234,201111180800,201111181300
1234,201111181400,201111181700
1235,201111180800,201111181300
1235,201111181400,201111181700
1236,201111180800,201111181300
1236,201111181400,201111181700
1237,201111180800,201111181300
1237,201111181400,201111181700
1238,201111180800,201111181300
1238,201111181400,201111182000
1239,201111180800,201111181300
1239,201111181400,201111181700
1240,201111180800,201111181300
1240,201111181400,201111181700
1241,201111180800,201111181300
1241,201111181400,201111181700
1242,201111180800,201111181300
1242,201111181400,201111182000
1243,201111180800,201111181300
1244,201111180800,201111181300
1244,201111181400,201111181900
1245,201111180800,201111181300
1245,201111181400,201111181700
1246,201111180800,201111181300
1246,201111181400,201111181700
1247,201111180800,201111181300
1247,201111181400,201111181700
1248,201111180800,201111181300
1248,201111181400,201111181900
1249,201111180730,201111181300
1249,201111181400,201111181700
1251,201111180800,201111181300
1251,201111181400,201111181900
1252,201111180800,201111181300
1252,201111181400,201111182000
1253,201111180800,201111181300
1253,201111181400,201111181700
1254,201111180800,201111181300
1254,201111181400,201111181700
1255,201111180800,201111181300
1255,201111181400,201111181700
1256,201111180800,201111181300
1256,201111181400,201111181700
1257,201111180800,201111181300
1257,201111181400,201111181700
1258,201111180800,201111181300
1258,201111181400,201111181700
1260,201111180800,201111181300
1260,201111181400,201111182000
1235,201111190800,201111191300
1235,201111191400,201111191700
1236,201111190800,201111191300
1236,201111191400,201111191700
1237,201111190800,201111191300
1237,201111191400,201111191700
1238,201111190800,201111191300
1238,201111191400,201111191700
1239,201111190800,201111191300
1240,201111190800,201111191300
1240,201111191400,201111191700
1241,201111190800,201111191300
1242,201111190800,201111191300
1242,201111191400,201111191700
1243,201111190800,201111191300
1243,201111191400,201111191700
1244,201111190800,201111191300
1244,201111191400,201111191700
1245,201111190800,201111191300
1246,201111190800,201111191300
1246,201111191400,201111191700
1248,201111190800,201111191300
1248,201111191400,201111192000
1249,201111190800,201111191300
1249,201111191400,201111191700
1250,201111190800,201111191300
1250,201111191400,201111192000
1251,201111190800,201111191300
1251,201111191400,201111192000
1252,201111190800,201111191300
1252,201111191400,201111191700
1253,201111190800,201111191300
1254,201111190800,201111191300
1254,201111191400,201111191700
1255,201111190800,201111191300
1255,201111191400,201111191700
1257,201111190800,201111191300
1257,201111191400,201111191700
1258,201111190800,201111191300
1258,201111191400,201111192000
1260,201111190800,201111191300
1260,201111191400,201111192000
1234,201111200800,201111201300
1234,201111201400,201111202000
1235,201111200730,201111201300
1235,201111201400,201111201700
1236,201111200800,201111201300
1236,201111201400,201111201700
1238,201111200800,201111201300
1238,201111201400,201111201700
1241,201111200800,201111201300
1241,201111201400,201111202000
1242,201111200800,201111201300
1242,201111201400,201111201900
1243,201111200800,201111201300
1243,201111201400,201111202000
1244,201111200800,201111201300
1244,201111201400,201111201700
1245,201111200800,201111201300
1245,201111201400,201111201700
1246,201111200800,201111201300
1246,201111201400,201111202000
1247,201111200800,201111201300
1247,201111201400,201111201700
1248,201111200800,201111201300
1248,201111201400,201111201700
1249,201111200730,201111201300
1249,201111201400,201111201700
1250,201111200800,201111201300
1250,201111201400,201111201700
1251,201111200800,201111201300
1251,201111201400,201111201700
1252,201111200800,201111201300
1252,201111201400,201111201700
1253,201111200800,201111201300
1253,201111201400,201111201700
1254,201111200800,201111201300
1254,201111201400,201111201700
1255,201111200800,201111201300
1255,201111201400,201111201700
1256,201111200800,201111201300
1256,201111201400,201111201700
1257,201111200800,201111201300
1257,201111201400,201111201700
1258,201111200800,201111201300
1258,201111201400,201111202000
1234,201111210800,201111211300
1234,201111211400,201111211700
1235,201111210800,201111211300
1235,201111211400,201111211700
1236,201111210800,201111211300
1236,201111211400,201111212000
1237,201111210800,201111211300
1237,201111211400,201111211700
1238,201111210800,201111211300
1238,201111211400,201111211700
1239,201111210800,201111211300
1239,201111211400,201111211700
1240,201111210800,201111211300
1240,201111211400,201111211700
1241,201111210730,201111211300
1241,201111211400,201111211700
1242,201111210800,201111211300
1243,201111210800,201111211300
1243,201111211400,201111212000
1244,201111210800,201111211300
1244,201111211400,201111211700
1245,201111210800,201111211300
1245,201111211400,201111211900
1247,201111210800,201111211300
1247,201111211400,201111211700
1248,201111210800,201111211300
1248,201111211400,201111212000
1250,201111210800,201111211300
1250,201111211400,201111212000
1252,201111210800,201111211300
1252,201111211400,201111211700
1253,201111210800,201111211300
1253,201111211400,201111211700
1256,201111210800,201111211300
1256,201111211400,201111212000
1257,201111210800,201111211300
1257,201111211400,201111211700
1258,201111210800,201111211300
1258,201111211400,201111211700
1260,201111210800,201111211300
1260,201111211400,201111211700
1234,201111220800,201111221300
1234,201111221400,201111221700
1236,201111220800,201111221300
1236,201111221400,201111222000
1237,201111220800,201111221300
1237,201111221400,201111221700
1238,201111220800,201111221300
1238,201111221400,201111221700
1239,201111220800,201111221300
1239,201111221400,201111221700
1240,201111220800,201111221300
1240,201111221400,201111221700
1241,201111220800,201111221300
1241,201111221400,201111221700
1242,201111220800,201111221300
1242,201111221400,201111221700
1243,201111220800,201111221300
1243,201111221400,201111222000
1244,201111220800,201111221300
1244,201111221400,201111221700
1245,201111220800,201111221300
1245,201111221400,201111221700
1246,201111220800,201111221300
1246,201111221400,201111221700
1247,201111220800,201111221300
1247,201111221400,201111221700
1248,201111220800,201111221300
1248,201111221400,201111221700
1249,201111220800,201111221300
1249,201111221400,201111221700
1250,201111220800,201111221300
1250,201111221400,201111221700
1251,201111220800,201111221300
1251,201111221400,201111221700
1252,201111220800,201111221300
1252,201111221400,201111221900
1253,201111220800,201111221300
1253,201111221400,201111221900
1254,201111220800,201111221300
1254,201111221400,201111222000
1255,201111220800,201111221300
1255,201111221400,201111222000
1256,201111220800,201111221300
1256,201111221400,201111221700
1257,201111220800,201111221300
1257,201111221400,201111221700
1258,201111220730,201111221300
1258,201111221400,201111221700
1260,201111220800,201111221300
1260,201111221400,201111222000
1234,201111230800,201111231300
1234,201111231400,201111232000
1235,201111230800,201111231300
1235,201111231400,201111231700
1236,201111230800,201111231300
1236,201111231400,201111231900
1237,201111230800,201111231300
1237,201111231400,201111231700
1239,201111230800,201111231300
1239,201111231400,201111231700
1240,201111230730,201111231300
1240,201111231400,201111231700
1241,201111230800,201111231300
1241,201111231400,201111231900
1242,201111230800,201111231300
1242,201111231400,201111231700
1243,201111230800,201111231300
1243,201111231400,201111231700
1244,201111230730,201111231300
1244,201111231400,201111231700
1245,201111230800,201111231300
1245,201111231400,201111231700
1246,201111230730,201111231300
1246,201111231400,201111231700
1247,201111230800,201111231300
1247,201111231400,201111232000
1248,201111230800,201111231300
1248,201111231400,201111231700
1249,201111230800,201111231300
1249,201111231400,201111231700
1250,201111230800,201111231300
1250,201111231400,201111232000
1251,201111230800,201111231300
1251,201111231400,201111231700
1253,201111230800,201111231300
1253,201111231400,201111231700
1254,201111230800,201111231300
1254,201111231400,201111231700
1255,201111230800,201111231300
1255,201111231400,201111231900
1257,201111230800,201111231300
1257,201111231400,201111232000
1258,201111230800,201111231300
1258,201111231400,201111231700
1260,201111230800,201111231300
1260,201111231400,201111231700
1234,201111240800,201111241300
1234,201111241400,201111241700
1235,201111240800,201111241300
1235,201111241400,201111241700
1236,201111240800,201111241300
1236,201111241400,201111241700
1237,201111240800,201111241300
1237,201111241400,201111241700
1238,201111240800,201111241300
1238,201111241400,201111242000
1239,201111240800,201111241300
1239,201111241400,201111241700
1240,201111240800,201111241300
1240,201111241400,201111242000
1241,201111240800,201111241300
1241,201111241400,201111241700
1242,201111240800,201111241300
1242,201111241400,201111241700
1243,201111240800,201111241300
1243,201111241400,201111241700
1245,201111240800,201111241300
1245,201111241400,201111241700
1246,201111240800,201111241300
1246,201111241400,201111242000
1247,201111240800,201111241300
1247,201111241400,201111241700
1248,201111240800,201111241300
1248,201111241400,201111241900
1249,201111240800,201111241300
1249,201111241400,201111242000
1250,201111240800,201111241300
1250,201111241400,201111241700
1251,201111240800,201111241300
1252,201111240800,201111241300
1252,201111241400,201111241700
1253,201111240800,201111241300
1254,201111240730,201111241300
1254,201111241400,201111241700
1255,201111240800,201111241300
1255,201111241400,201111241700
1256,201111240800,201111241300
1256,201111241400,201111241700
1257,201111240800,201111241300
1257,201111241400,201111241700
1258,201111240800,201111241300
1260,201111240800,201111241300
1260,201111241400,201111241700
1234,201111250800,201111251300
1234,201111251400,201111252000
1235,201111250730,201111251300
1235,201111251400,201111251700
1236,201111250800,201111251300
1236,201111251400,201111251700
1237,201111250800,201111251300
1237,201111251400,201111251700
1238,201111250800,201111251300
1238,201111251400,201111252000
1239,201111250800,201111251300
1239,201111251400,201111252000
1240,201111250800,201111251300
1240,201111251400,201111251900
1242,201111250800,201111251300
1242,201111251400,201111251700
1243,201111250800,201111251300
1244,201111250800,201111251300
1244,201111251400,201111252000
1245,201111250800,201111251300
1245,201111251400,201111251700
1246,201111250800,201111251300
1246,201111251400,201111252000
1247,201111250730,201111251300
1247,201111251400,201111251700
1248,201111250800,201111251300
1248,201111251400,201111252000
1249,201111250800,201111251300
1249,201111251400,201111251900
1250,201111250800,201111251300
1250,201111251400,201111251700
1252,201111250800,201111251300
1252,201111251400,201111252000
1253,201111250800,201111251300
1253,201111251400,201111251700
1254,201111250800,201111251300
1254,201111251400,201111251700
1255,201111250800,201111251300
1255,201111251400,201111252000
1256,201111250800,201111251300
1256,201111251400,201111251700
1257,201111250800,201111251300
1257,201111251400,201111251700
1258,201111250800,201111251300
1258,201111251400,201111251700
1260,201111250730,201111251300
1260,201111251400,201111251700
1234,201111260730,201111261300
1234,201111261400,201111261700
1235,201111260800,201111261300
1235,201111261400,201111261700
1236,201111260800,201111261300
1236,201111261400,201111261700
1237,201111260800,201111261300
1237,201111261400,201111261700
1238,201111260800,201111261300
1238,201111261400,201111261700
1239,201111260800,201111261300
1240,201111260800,201111261300
1240,201111261400,201111261700
1241,201111260800,201111261300
1241,201111261400,201111261700
1242,201111260800,201111261300
1243,201111260800,201111261300
1243,201111261400,201111261700
1244,201111260800,201111261300
1244,201111261400,201111261700
1245,201111260800,201111261300
1245,201111261400,201111261700
1247,201111260800,201111261300
1247,201111261400,201111261700
1248,201111260800,201111261300
1249,201111260800,201111261300
1249,201111261400,201111261700
1250,201111260800,201111261300
1250,201111261400,201111262000
1251,201111260800,201111261300
1251,201111261400,201111262000
1253,201111260800,201111261300
1253,201111261400,201111261700
1254,201111260800,201111261300
1254,201111261400,201111261700
1255,201111260800,201111261300
1255,201111261400,201111261900
1256,201111260800,201111261300
1256,201111261400,201111261700
1257,201111260800,201111261300
1257,201111261400,201111262000
1258,201111260800,201111261300
1258,201111261400,201111262000
1260,201111260800,201111261300
1260,201111261400,201111262000
1234,201111270800,201111271300
1234,201111271400,201111271700
1235,201111270800,201111271300
1235,201111271400,201111271700
1238,201111270800,201111271300
1238,201111271400,201111271700
1239,201111270800,201111271300
1239,201111271400,201111271900
1240,201111270800,201111271300
1241,201111270800,201111271300
1241,201111271400,201111271700
1242,201111270800,201111271300
1242,201111271400,201111271700
1243,201111270730,201111271300
1243,201111271400,201111271700
1244,201111270800,201111271300
1244,201111271400,201111271700
1245,201111270800,201111271300
1245,201111271400,201111272000
1246,201111270800,201111271300
1246,201111271400,201111271700
1248,201111270800,201111271300
1248,201111271400,201111271900
1249,201111270800,201111271300
1249,201111271400,201111271700
1251,201111270800,201111271300
1251,201111271400,201111272000
1252,201111270800,201111271300
1252,201111271400,201111272000
1253,201111270800,201111271300
1253,201111271400,201111271700
1254,201111270800,201111271300
1254,201111271400,201111272000
1255,201111270800,201111271300
1255,201111271400,201111271700
1256,201111270730,201111271300
1256,201111271400,201111271700
1257,201111270800,201111271300
1257,201111271400,201111271700
1258,201111270800,201111271300
1258,201111271400,201111271700
1260,201111270800,201111271300
1260,201111271400,201111272000
1234,201111280800,201111281300
1234,201111281400,201111281700
1235,201111280800,201111281300
1235,201111281400,201111281700
1236,201111280800,201111281300
1236,201111281400,201111282000
1237,201111280800,201111281300
1237,201111281400,201111281700
1238,201111280800,201111281300
1238,201111281400,201111281700
1239,201111280800,201111281300
1239,201111281400,201111281700
1240,201111280800,201111281300
1241,201111280800,201111281300
1241,201111281400,201111281700
1242,201111280730,201111281300
1242,201111281400,201111281700
1243,201111280800,201111281300
1243,201111281400,201111281700
1244,201111280800,201111281300
1244,201111281400,201111281700
1245,201111280800,201111281300
1245,201111281400,201111281700
1246,201111280800,201111281300
1246,201111281400,201111282000
1247,201111280730,201111281300
1247,201111281400,201111281700
1248,201111280800,201111281300
1248,201111281400,201111281700
1250,201111280800,201111281300
1250,201111281400,201111281700
1251,201111280800,201111281300
1251,201111281400,201111281700
1253,201111280800,201111281300
1253,201111281400,201111281700
1254,201111280800,201111281300
1254,201111281400,201111281700
1255,201111280800,201111281300
1255,201111281400,201111281900
1256,201111280800,201111281300
1256,201111281400,201111281700
1257,201111280800,201111281300
1257,201111281400,201111281700
1258,201111280800,201111281300
1258,201111281400,201111281700
1260,201111280730,201111281300
1260,201111281400,201111281700
1234,201111290800,201111291300
1234,201111291400,201111291700
1235,201111290730,201111291300
1235,201111291400,201111291700
1236,201111290730,201111291300
1236,201111291400,201111291700
1237,201111290800,201111291300
1237,201111291400,201111291700
1239,201111290800,201111291300
1239,201111291400,201111291700
1241,201111290800,201111291300
1241,201111291400,201111291700
1242,201111290800,201111291300
1242,201111291400,201111291700
1243,201111290730,201111291300
1243,201111291400,201111291700
1244,201111290800,201111291300
1244,201111291400,201111291700
1245,201111290800,201111291300
1245,201111291400,201111292000
1247,201111290800,201111291300
1247,201111291400,201111292000
1248,201111290800,201111291300
1248,201111291400,201111291700
1249,201111290800,201111291300
1249,201111291400,201111291700
1250,201111290800,201111291300
1250,201111291400,201111291700
1252,201111290800,201111291300
1252,201111291400,201111291700
1253,201111290800,201111291300
1253,201111291400,201111291700
1255,201111290800,201111291300
1255,201111291400,201111291700
1256,201111290800,201111291300
1256,201111291400,201111292000
1257,201111290800,201111291300
1257,201111291400,201111291700
1258,201111290800,201111291300
1258,201111291400,201111291700
1260,201111290800,201111291300
1260,201111291400,201111291700
1234,201111300800,201111301300
1235,201111300800,201111301300
1235,201111301400,201111301700
1236,201111300800,201111301300
1236,201111301400,201111301700
1237,201111300800,201111301300
1237,201111301400,201111301700
1238,201111300730,201111301300
1238,201111301400,201111301700
1239,201111300800,201111301300
1239,201111301400,201111301700
1241,201111300800,201111301300
1241,201111301400,201111302000
1242,201111300800,201111301300
1242,201111301400,201111301700
1245,201111300800,201111301300
1245,201111301400,201111302000
1246,201111300800,201111301300
1246,201111301400,201111302000
1248,201111300800,201111301300
1248,201111301400,201111301700
1249,201111300800,201111301300
1249,201111301400,201111301700
1250,201111300800,201111301300
1251,201111300800,201111301300
1251,201111301400,201111301700
1252,201111300800,201111301300
1252,201111301400,201111301700
1253,201111300800,201111301300
1253,201111301400,201111301700
1254,201111300800,201111301300
1254,201111301400,201111301700
1255,201111300800,201111301300
1255,201111301400,201111301700
1256,201111300800,201111301300
1256,201111301400,201111301900
1257,201111300800,201111301300
1257,201111301400,201111302000
1258,201111300800,201111301300
1258,201111301400,201111301700
1260,201111300800,201111301300
1260,201111301400,201111301700
1234,201112010730,201112011300
1234,201112011400,201112011700
1235,201112010730,201112011300
1235,201112011400,201112011700
1236,201112010800,201112011300
1236,201112011400,201112011700
1237,201112010800,201112011300
1237,201112011400,201112011700
1238,201112010800,201112011300
1238,201112011400,201112011700
1240,201112010800,201112011300
1240,201112011400,201112011900
1241,201112010800,201112011300
1242,201112010800,201112011300
1242,201112011400,201112011700
1243,201112010800,201112011300
1243,201112011400,201112012000
1244,201112010800,201112011300
1244,201112011400,201112011700
1245,201112010800,201112011300
1246,201112010800,201112011300
1246,201112011400,201112011700
1247,201112010800,201112011300
1247,201112011400,201112011700
1248,201112010800,201112011300
1248,201112011400,201112011700
1249,201112010800,201112011300
1249,201112011400,201112011700
1250,201112010800,201112011300
1250,201112011400,201112011700
1252,201112010800,201112011300
1252,201112011400,201112011700
1253,201112010800,201112011300
1253,201112011400,201112011700
1254,201112010800,201112011300
1254,201112011400,201112011700
1255,201112010800,201112011300
1255,201112011400,201112011700
1256,201112010800,201112011300
1256,201112011400,201112011700
1258,201112010800,201112011300
1258,201112011400,201112011700
1260,201112010800,201112011300
1260,201112011400,201112011700
1234,201112020800,201112021300
1235,201112020800,201112021300
1235,201112021400,201112022000
1236,201112020800,201112021300
1237,201112020800,201112021300
1237,201112021400,201112022000
1238,201112020800,201112021300
1238,201112021400,201112021700
1239,201112020800,201112021300
1239,201112021400,201112022000
1240,201112020800,201112021300
1240,201112021400,201112022000
1241,201112020800,201112021300
1241,201112021400,201112021700
1243,201112020800,201112021300
1243,201112021400,201112021700
1244,201112020800,201112021300
1244,201112021400,201112021900
1245,201112020730,201112021300
1245,201112021400,201112021700
1246,201112020800,201112021300
1246,201112021400,201112021900
1248,201112020800,201112021300
1248,201112021400,201112021700
1250,201112020800,201112021300
1250,201112021400,201112021900
1251,201112020800,201112021300
1251,201112021400,201112022000
1252,201112020800,201112021300
1252,201112021400,201112021700
1253,201112020800,201112021300
1253,201112021400,201112021700
1254,201112020800,201112021300
1254,201112021400,201112021700
1255,201112020800,201112021300
1255,201112021400,201112022000
1256,201112020730,201112021300
1256,201112021400,201112021700
1257,201112020800,201112021300
1257,201112021400,201112021700
1258,201112020800,201112021300
1258,201112021400,201112021700
1260,201112020800,201112021300
1260,201112021400,201112021700
1234,201112030800,201112031300
1234,201112031400,201112031700
1235,201112030800,201112031300
1235,201112031400,201112032000
1236,201112030800,201112031300
1237,201112030800,201112031300
1237,201112031400,201112031700
1239,201112030800,201112031300
1239,201112031400,201112031700
1240,201112030800,201112031300
1240,201112031400,201112031700
1241,201112030730,201112031300
1241,201112031400,201112031700
1242,201112030800,201112031300
1242,201112031400,201112031700
1243,201112030800,201112031300
1243,201112031400,201112031700
1244,201112030800,201112031300
1244,201112031400,201112031700
1245,201112030800,201112031300
1245,201112031400,201112031700
1246,201112030800,201112031300
1246,201112031400,201112031700
1247,201112030730,201112031300
1247,201112031400,201112031700
1248,201112030800,201112031300
1248,201112031400,201112031700
1249,201112030800,201112031300
1249,201112031400,201112031700
1250,201112030800,201112031300
1250,201112031400,201112032000
1251,201112030800,201112031300
1251,201112031400,201112031700
1252,201112030800,201112031300
1252,201112031400,201112031700
1254,201112030800,201112031300
1254,201112031400,201112031700
1255,201112030800,201112031300
1255,201112031400,201112031900
1256,201112030800,201112031300
1256,201112031400,201112031700
1257,201112030800,201112031300
1257,201112031400,201112031700
1258,201112030730,201112031300
1258,201112031400,201112031700
1260,201112030800,201112031300
1260,201112031400,201112032000
1234,201112040800,201112041300
1234,201112041400,201112041700
1235,201112040800,201112041300
1235,201112041400,201112041700
1236,201112040800,201112041300
1236,201112041400,201112041700
1237,201112040730,201112041300
1237,201112041400,201112041700
1238,201112040800,201112041300
1238,201112041400,201112042000
1239,201112040800,201112041300
1239,201112041400,201112041700
1240,201112040800,201112041300
1240,201112041400,201112041700
1241,201112040800,201112041300
1241,201112041400,201112042000
1242,201112040800,201112041300
1242,201112041400,201112042000
1243,201112040800,201112041300
1243,201112041400,201112041700
1244,201112040800,201112041300
1244,201112041400,201112041700
1245,201112040800,201112041300
1245,201112041400,201112041700
1247,201112040800,201112041300
1247,201112041400,201112041700
1248,201112040800,201112041300
1248,201112041400,201112041700
1249,201112040800,201112041300
1249,201112041400,201112041900
1250,201112040800,201112041300
1250,201112041400,201112041700
1251,201112040800,201112041300
1252,201112040800,201112041300
1252,201112041400,201112042000
1253,201112040800,201112041300
1253,201112041400,201112041700
1255,201112040800,201112041300
1255,201112041400,201112041700
1256,201112040800,201112041300
1256,201112041400,201112042000
1258,201112040800,201112041300
1258,201112041400,201112042000
1260,201112040730,201112041300
1260,201112041400,201112041700
1234,201112050800,201112051300
1234,201112051400,201112051700
1235,201112050800,201112051300
1235,201112051400,201112051700
1236,201112050800,201112051300
1236,201112051400,201112051700
1237,201112050800,201112051300
1237,201112051400,201112051700
1238,201112050800,201112051300
1238,201112051400,201112051700
1240,201112050800,201112051300
1240,201112051400,201112051700
1241,201112050730,201112051300
1241,201112051400,201112051700
1242,201112050800,201112051300
1242,201112051400,201112051700
1243,201112050800,201112051300
1243,201112051400,201112051700
1244,201112050800,201112051300
1244,201112051400,201112051700
1245,201112050800,201112051300
1246,201112050800,201112051300
1247,201112050800,201112051300
1247,201112051400,201112051700
1248,201112050800,201112051300
1248,201112051400,201112051700
1249,201112050800,201112051300
1249,201112051400,201112051700
1250,201112050800,201112051300
1250,201112051400,201112051700
1251,201112050800,201112051300
1251,201112051400,201112051700
1252,201112050730,201112051300
1252,201112051400,201112051700
1253,201112050800,201112051300
1253,201112051400,201112051700
1254,201112050800,201112051300
1254,201112051400,201112051700
1256,201112050800,201112051300
1256,201112051400,201112051700
1258,201112050730,201112051300
1258,201112051400,201112051700
1260,201112050800,201112051300
1260,201112051400,201112051700
1234,201112060800,201112061300
1234,201112061400,201112061700
1235,201112060800,201112061300
1235,201112061400,201112061700
1236,201112060800,201112061300
1236,201112061400,201112062000
1237,201112060800,201112061300
1237,201112061400,201112061700
1238,201112060800,201112061300
1238,201112061400,201112061900
1239,201112060800,201112061300
1239,201112061400,201112062000
1240,201112060800,201112061300
1240,201112061400,201112062000
1242,201112060800,201112061300
1243,201112060800,201112061300
1243,201112061400,201112061700
1244,201112060800,201112061300
1244,201112061400,201112061700
1245,201112060800,201112061300
1245,201112061400,201112062000
1246,201112060800,201112061300
1246,201112061400,201112061700
1247,201112060800,201112061300
1247,201112061400,201112061700
1248,201112060800,201112061300
1248,201112061400,201112061700
1249,201112060800,201112061300
1249,201112061400,201112061700
1250,201112060800,201112061300
1250,201112061400,201112061700
1251,201112060730,201112061300
1251,201112061400,201112061700
1252,201112060800,201112061300
1253,201112060800,201112061300
1253,201112061400,201112062000
1256,201112060800,201112061300
1257,201112060800,201112061300
1257,201112061400,201112061700
1260,201112060800,201112061300
1260,201112061400,201112061700
1234,201112070800,201112071300
1234,201112071400,201112071700
1235,201112070800,201112071300
1235,201112071400,201112071700
1236,201112070800,201112071300
1236,201112071400,201112071700
1237,201112070800,201112071300
1237,201112071400,201112071700
1238,201112070800,201112071300
1239,201112070800,201112071300
1239,201112071400,201112071700
1240,201112070800,201112071300
1240,201112071400,201112071700
1241,201112070800,201112071300
1241,201112071400,201112071700
1242,201112070800,201112071300
1242,201112071400,201112071700
1243,201112070800,201112071300
1243,201112071400,201112072000
1244,201112070800,201112071300
1245,201112070800,201112071300
1245,201112071400,201112071900
1246,201112070800,201112071300
1246,201112071400,201112071700
1247,201112070800,201112071300
1247,201112071400,201112071700
1248,201112070800,201112071300
1248,201112071400,201112071700
1250,201112070800,201112071300
1250,201112071400,201112071700
1251,201112070800,201112071300
1251,201112071400,201112071700
1252,201112070800,201112071300
1252,201112071400,201112071700
1253,201112070800,201112071300
1253,201112071400,201112072000
1254,201112070800,201112071300
1254,201112071400,201112071700
1256,201112070800,201112071300
1256,201112071400,201112071900
1257,201112070800,201112071300
1257,201112071400,201112071700
1258,201112070800,201112071300
1258,201112071400,201112071700
1260,201112070800,201112071300
1260,201112071400,201112071700
1235,201112080800,201112081300
1235,201112081400,201112081700
1236,201112080800,201112081300
1236,201112081400,201112082000
1237,201112080800,201112081300
1237,201112081400,201112082000
1238,201112080800,201112081300
1238,201112081400,201112082000
1239,201112080800,201112081300
1239,201112081400,201112081700
1242,201112080800,201112081300
1242,201112081400,201112081700
1244,201112080800,201112081300
1244,201112081400,201112081700
1245,201112080800,201112081300
1245,201112081400,201112081700
1246,201112080800,201112081300
1246,201112081400,201112082000
1248,201112080800,201112081300
1248,201112081400,201112081700
1250,201112080800,201112081300
1250,201112081400,201112081700
1251,201112080730,201112081300
1251,201112081400,201112081700
1252,201112080730,201112081300
1252,201112081400,201112081700
1253,201112080800,201112081300
1253,201112081400,201112082000
1254,201112080800,201112081300
1254,201112081400,201112081700
1255,201112080800,201112081300
1255,201112081400,201112082000
1256,201112080800,201112081300
1256,201112081400,201112081900
1257,201112080800,201112081300
1257,201112081400,201112081700
1260,201112080800,201112081300
1260,201112081400,201112081700
1234,201112090800,201112091300
1234,201112091400,201112091700
1235,201112090800,201112091300
1235,201112091400,201112092000
1236,201112090800,201112091300
1236,201112091400,201112091700
1237,201112090800,201112091300
1238,201112090800,201112091300
1238,201112091400,201112091700
1239,201112090800,201112091300
1239,201112091400,201112091700
1240,201112090800,201112091300
1240,201112091400,201112091700
1241,201112090800,201112091300
1241,201112091400,201112091700
1242,201112090800,201112091300
1244,201112090730,201112091300
1244,201112091400,201112091700
1246,201112090800,201112091300
1248,201112090800,201112091300
1248,201112091400,201112091700
1250,201112090800,201112091300
1250,201112091400,201112091700
1251,201112090800,201112091300
1251,201112091400,201112091700
1252,201112090800,201112091300
1253,201112090800,201112091300
1253,201112091400,201112091900
1256,201112090800,201112091300
1256,201112091400,201112091700
1257,201112090800,201112091300
1257,201112091400,201112091700
1258,201112090800,201112091300
1258,201112091400,201112091700
1260,201112090800,201112091300
1260,201112091400,201112092000
1234,201112100800,201112101300
1235,201112100800,201112101300
1235,201112101400,201112101900
1236,201112100800,201112101300
1236,201112101400,201112101700
1237,201112100800,201112101300
1237,201112101400,201112101700
1239,201112100800,201112101300
1239,201112101400,201112101700
1240,201112100800,201112101300
1240,201112101400,201112102000
1241,201112100800,201112101300
1241,201112101400,201112101700
1242,201112100800,201112101300
1242,201112101400,201112101700
1243,201112100800,201112101300
1243,201112101400,201112101700
1244,201112100730,201112101300
1244,201112101400,201112101700
1245,201112100800,201112101300
1245,201112101400,201112101700
1247,201112100800,201112101300
1247,201112101400,201112101700
1249,201112100800,201112101300
1249,201112101400,201112101700
1250,201112100800,201112101300
1250,201112101400,201112101700
1251,201112100730,201112101300
1251,201112101400,201112101700
1252,201112100800,201112101300
1253,201112100800,201112101300
1253,201112101400,201112101700
1255,201112100800,201112101300
1255,201112101400,201112101700
1256,201112100800,201112101300
1256,201112101400,201112102000
1257,201112100800,201112101300
1257,201112101400,201112101700
1258,201112100800,201112101300
1258,201112101400,201112101700
1260,201112100800,201112101300
1260,201112101400,201112101700
1234,201112110730,201112111300
1234,201112111400,201112111700
1235,201112110800,201112111300
1235,201112111400,201112111700
1238,201112110800,201112111300
1238,201112111400,201112111700
1239,201112110800,201112111300
1240,201112110800,201112111300
1240,201112111400,201112111700
1241,201112110800,201112111300
1241,201112111400,201112111700
1242,201112110800,201112111300
1242,201112111400,201112112000
1244,201112110800,201112111300
1244,201112111400,201112111700
1245,201112110800,201112111300
1245,201112111400,201112111700
1246,201112110800,201112111300
1246,201112111400,201112111700
1247,201112110800,201112111300
1247,201112111400,201112111700
1248,201112110800,201112111300
1248,201112111400,201112111700
1249,201112110800,201112111300
1249,201112111400,201112111700
1250,201112110800,201112111300
1250,201112111400,201112111900
1251,201112110800,201112111300
1251,201112111400,201112111700
1252,201112110800,201112111300
1252,201112111400,201112111700
1253,201112110800,201112111300
1254,201112110800,201112111300
1254,201112111400,201112111700
1255,201112110800,201112111300
1255,201112111400,201112111700
1256,201112110800,201112111300
1256,201112111400,201112111700
1257,201112110800,201112111300
1257,201112111400,201112111700
1258,201112110800,201112111300
1258,201112111400,201112111700
1260,201112110800,201112111300
1260,201112111400,201112111700
1235,201112120800,201112121300
1235,201112121400,201112121900
1237,201112120800,201112121300
1237,201112121400,201112121700
1241,201112120800,201112121300
1241,201112121400,201112121700
1242,201112120800,201112121300
1242,201112121400,201112121700
1243,201112120800,201112121300
1243,201112121400,201112121700
1244,201112120800,201112121300
1244,201112121400,201112121700
1245,201112120800,201112121300
1246,201112120800,201112121300
1246,201112121400,201112122000
1247,201112120800,201112121300
1247,201112121400,201112122000
1248,201112120730,201112121300
1248,201112121400,201112121700
1250,201112120800,201112121300
1250,201112121400,201112121700
1252,201112120800,201112121300
1252,201112121400,201112121700
1253,201112120800,201112121300
1253,201112121400,201112121700
1254,201112120800,201112121300
1254,201112121400,201112121700
1257,201112120800,201112121300
1257,201112121400,201112121700
1258,201112120800,201112121300
1258,201112121400,201112121700
1260,201112120800,201112121300
1260,201112121400,201112122000
1234,201112130800,201112131300
1234,201112131400,201112131700
1235,201112130800,201112131300
1235,201112131400,201112132000
1236,201112130800,201112131300
1236,201112131400,201112131700
1237,201112130800,201112131300
1237,201112131400,201112131700
1239,201112130800,201112131300
1239,201112131400,201112131700
1241,201112130800,201112131300
1241,201112131400,201112132000
1242,201112130800,201112131300
1242,201112131400,201112132000
1244,201112130800,201112131300
1244,201112131400,201112131700
1245,201112130800,201112131300
1245,201112131400,201112131700
1246,201112130800,201112131300
1246,201112131400,201112132000
1247,201112130730,201112131300
1247,201112131400,201112131700
1248,201112130800,201112131300
1249,201112130800,201112131300
1249,201112131400,201112131700
1250,201112130800,201112131300
1251,201112130800,201112131300
1251,201112131400,201112131700
1253,201112130800,201112131300
1253,201112131400,201112131700
1254,201112130800,201112131300
1254,201112131400,201112131700
1255,201112130800,201112131300
1255,201112131400,201112131700
1256,201112130800,201112131300
1256,201112131400,201112131700
1257,201112130800,201112131300
1257,201112131400,201112131700
1258,201112130800,201112131300
1258,201112131400,201112131700
1260,201112130800,201112131300
1260,201112131400,201112131700
1234,201112140730,201112141300
1234,201112141400,201112141700
1236,201112140800,201112141300
1236,201112141400,201112141700
1238,201112140800,201112141300
1238,201112141400,201112141700
1239,201112140800,201112141300
1239,201112141400,201112141700
1240,201112140800,201112141300
1240,201112141400,201112141900
1242,201112140800,201112141300
1242,201112141400,201112141700
1243,201112140800,201112141300
1243,201112141400,201112141700
1244,201112140800,201112141300
1244,201112141400,201112141900
1245,201112140800,201112141300
1245,201112141400,201112141700
1246,201112140800,201112141300
1246,201112141400,201112141700
1248,201112140800,201112141300
1248,201112141400,201112141700
1249,201112140800,201112141300
1249,201112141400,201112141700
1250,201112140800,201112141300
1250,201112141400,201112141700
1251,201112140800,201112141300
1251,201112141400,201112141700
1252,201112140800,201112141300
1252,201112141400,201112141700
1253,201112140800,201112141300
1253,201112141400,201112142000
1254,201112140730,201112141300
1254,201112141400,201112141700
1255,201112140800,201112141300
1255,201112141400,201112141700
1256,201112140800,201112141300
1256,201112141400,201112141700
1257,201112140800,201112141300
1257,201112141400,201112141700
1258,201112140800,201112141300
1260,201112140800,201112141300
1260,201112141400,201112141700
1234,201112150800,201112151300
1234,201112151400,201112151700
1235,201112150800,201112151300
1235,201112151400,201112151700
1236,201112150800,201112151300
1236,201112151400,201112151700
1237,201112150800,201112151300
1238,201112150800,201112151300
1238,201112151400,201112151700
1239,201112150800,201112151300
1239,201112151400,201112151700
1240,201112150800,201112151300
1240,201112151400,201112151700
1241,201112150800,201112151300
1241,201112151400,201112151700
1242,201112150800,201112151300
1242,201112151400,201112151900
1243,201112150800,201112151300
1244,201112150800,201112151300
1244,201112151400,201112151700
1245,201112150800,201112151300
1246,201112150800,201112151300
1246,201112151400,201112151700
1248,201112150730,201112151300
1248,201112151400,201112151700
1249,201112150800,201112151300
1249,201112151400,201112151900
1250,201112150800,201112151300
1250,201112151400,201112151700
1251,201112150800,201112151300
1251,201112151400,201112151700
1252,201112150800,201112151300
1252,201112151400,201112151900
1253,201112150800,201112151300
1253,201112151400,201112151700
1254,201112150800,201112151300
1254,201112151400,201112151700
1255,201112150730,201112151300
1255,201112151400,201112151700
1256,201112150800,201112151300
1256,201112151400,201112151900
1257,201112150800,201112151300
1257,201112151400,201112151700
1258,201112150800,201112151300
1258,201112151400,201112151900
1260,201112150800,201112151300
1260,201112151400,201112151700
1234,201112160800,201112161300
1234,201112161400,201112161700
1236,201112160800,201112161300
1236,201112161400,201112161700
1237,201112160800,201112161300
1237,201112161400,201112162000
1238,201112160800,201112161300
1239,201112160800,201112161300
1239,201112161400,201112162000
1240,201112160730,201112161300
1240,201112161400,201112161700
1241,201112160730,201112161300
1241,201112161400,201112161700
1242,201112160800,201112161300
1242,201112161400,201112161700
1245,201112160800,201112161300
1245,201112161400,201112161700
1246,201112160800,201112161300
1246,201112161400,201112161700
1247,201112160800,201112161300
1247,201112161400,201112161700
1248,201112160800,201112161300
1248,201112161400,201112162000
1249,201112160800,201112161300
1249,201112161400,201112161700
1250,201112160800,201112161300
1250,201112161400,201112162000
1251,201112160800,201112161300
1251,201112161400,201112162000
1253,201112160730,201112161300
1253,201112161400,201112161700
1254,201112160730,201112161300
1254,201112161400,201112161700
1255,201112160800,201112161300
1255,201112161400,201112161700
1256,201112160800,201112161300
1256,201112161400,201112161900
1257,201112160800,201112161300
1257,201112161400,201112161700
1234,201112170800,201112171300
1234,201112171400,201112171700
1235,201112170800,201112171300
1235,201112171400,201112171700
1236,201112170800,201112171300
1236,201112171400,201112171700
1238,201112170800,201112171300
1238,201112171400,201112172000
1239,201112170800,201112171300
1239,201112171400,201112171700
1240,201112170800,201112171300
1240,201112171400,201112171700
1241,201112170800,201112171300
1241,201112171400,201112171700
1243,201112170800,201112171300
1243,201112171400,201112171700
1244,201112170800,201112171300
1244,201112171400,201112171700
1245,201112170730,201112171300
1245,201112171400,201112171700
1246,201112170800,201112171300
1246,201112171400,201112171900
1247,201112170800,201112171300
1247,201112171400,201112172000
1248,201112170800,201112171300
1248,201112171400,201112172000
1249,201112170800,201112171300
1249,201112171400,201112172000
1250,201112170800,201112171300
1251,201112170800,201112171300
1251,201112171400,201112172000
1252,201112170800,201112171300
1252,201112171400,201112171700
1253,201112170800,201112171300
1253,201112171400,201112171700
1254,201112170730,201112171300
1254,201112171400,201112171700
1255,201112170800,201112171300
1255,201112171400,201112171700
1256,201112170800,201112171300
1256,201112171400,201112171700
1257,201112170800,201112171300
1257,201112171400,201112171700
1258,201112170800,201112171300
1258,201112171400,201112172000
1260,201112170800,201112171300
1260,201112171400,201112172000
1234,201112180800,201112181300
1234,201112181400,201112181900
1235,201112180800,201112181300
1235,201112181400,201112181700
1236,201112180800,201112181300
1236,201112181400,201112181700
1238,201112180800,201112181300
1238,201112181400,201112181700
1239,201112180800,201112181300
1239,201112181400,201112181900
1240,201112180800,201112181300
1240,201112181400,201112181700
1241,201112180800,201112181300
1241,201112181400,201112181700
1243,201112180800,201112181300
1243,201112181400,201112181700
1245,201112180800,201112181300
1245,201112181400,201112181700
1246,201112180800,201112181300
1246,201112181400,201112181700
1247,201112180800,201112181300
1247,201112181400,201112181700
1248,201112180730,201112181300
1248,201112181400,201112181700
1250,201112180800,201112181300
1250,201112181400,201112181700
1251,201112180800,201112181300
1251,201112181400,201112181700
1252,201112180800,201112181300
1252,201112181400,201112182000
1253,201112180800,201112181300
1253,201112181400,201112181700
1254,201112180800,201112181300
1254,201112181400,201112181700
1255,201112180800,201112181300
1255,201112181400,201112181700
1256,201112180800,201112181300
1256,201112181400,201112181700
1258,201112180800,201112181300
1258,201112181400,201112181700
1260,201112180800,201112181300
1260,201112181400,201112181700
1234,201112190730,201112191300
1234,201112191400,201112191700
1235,201112190800,201112191300
1235,201112191400,201112191700
1236,201112190800,201112191300
1236,201112191400,201112191700
1237,201112190800,201112191300
1237,201112191400,201112191900
1238,201112190800,201112191300
1238,201112191400,201112191700
1239,201112190800,201112191300
1239,201112191400,201112192000
1240,201112190800,201112191300
1240,201112191400,201112192000
1241,201112190800,201112191300
1241,201112191400,201112191700
1242,201112190800,201112191300
1242,201112191400,201112192000
1243,201112190800,201112191300
1243,201112191400,201112191900
1244,201112190800,201112191300
1244,201112191400,201112191700
1245,201112190800,201112191300
1245,201112191400,201112191700
1246,201112190800,201112191300
1246,201112191400,201112191700
1247,201112190800,201112191300
1247,201112191400,201112191700
1249,201112190800,201112191300
1249,201112191400,201112191700
1250,201112190730,201112191300
1250,201112191400,201112191700
1251,201112190800,201112191300
1251,201112191400,201112191700
1252,201112190800,201112191300
1252,201112191400,201112191700
1253,201112190800,201112191300
1253,201112191400,201112191700
1255,201112190800,201112191300
1255,201112191400,201112191700
1256,201112190800,201112191300
1256,201112191400,201112191700
1257,201112190800,201112191300
1257,201112191400,201112192000
1258,201112190800,201112191300
1258,201112191400,201112191700
1260,201112190800,201112191300
1260,201112191400,201112192000
1235,201112200800,201112201300
1235,201112201400,201112202000
1236,201112200730,201112201300
1236,201112201400,201112201700
1237,201112200800,201112201300
1237,201112201400,201112201700
1238,201112200800,201112201300
1238,201112201400,201112201700
1239,201112200730,201112201300
1239,201112201400,201112201700
1240,201112200800,201112201300
1240,201112201400,201112201700
1241,201112200800,201112201300
1241,201112201400,201112201700
1242,201112200730,201112201300
1242,201112201400,201112201700
1243,201112200800,201112201300
1243,201112201400,201112201700
1244,201112200800,201112201300
1244,201112201400,201112202000
1245,201112200800,201112201300
1245,201112201400,201112202000
1246,201112200800,201112201300
1247,201112200800,201112201300
1247,201112201400,201112201700
1248,201112200800,201112201300
1248,201112201400,201112201700
1249,201112200800,201112201300
1249,201112201400,201112201700
1250,201112200800,201112201300
1250,201112201400,201112201700
1251,201112200800,201112201300
1251,201112201400,201112201700
1252,201112200800,201112201300
1252,201112201400,201112202000
1253,201112200800,201112201300
1253,201112201400,201112201700
1254,201112200800,201112201300
1254,201112201400,201112201700
1255,201112200800,201112201300
1255,201112201400,201112201700
1256,201112200800,201112201300
1256,201112201400,201112202000
1257,201112200800,201112201300
1257,201112201400,201112201700
1260,201112200800,201112201300
1260,201112201400,201112201700
1234,201112210800,201112211300
1234,201112211400,201112211700
1236,201112210800,201112211300
1236,201112211400,201112211700
1237,201112210800,201112211300
1237,201112211400,201112211700
1238,201112210800,201112211300
1238,201112211400,201112212000
1239,201112210800,201112211300
1239,201112211400,201112211700
1240,201112210730,201112211300
1240,201112211400,201112211700
1241,201112210800,201112211300
1241,201112211400,201112212000
1242,201112210800,201112211300
1242,201112211400,201112211900
1243,201112210800,201112211300
1243,201112211400,201112211700
1244,201112210800,201112211300
1244,201112211400,201112211700
1245,201112210800,201112211300
1245,201112211400,201112211900
1246,201112210800,201112211300
1246,201112211400,201112211900
1247,201112210800,201112211300
1247,201112211400,201112211900
1248,201112210800,201112211300
1248,201112211400,201112211700
1249,201112210800,201112211300
1249,201112211400,201112211700
1250,201112210730,201112211300
1250,201112211400,201112211700
1251,201112210800,201112211300
1251,201112211400,201112212000
1252,201112210800,201112211300
1252,201112211400,201112211700
1253,201112210800,201112211300
1254,201112210800,201112211300
1254,201112211400,201112211700
1255,201112210800,201112211300
1255,201112211400,201112211700
1256,201112210800,201112211300
1256,201112211400,201112211700
1257,201112210800,201112211300
1257,201112211400,201112211700
1258,201112210800,201112211300
1258,201112211400,201112212000
1234,201112220800,201112221300
1234,201112221400,201112221700
1235,201112220800,201112221300
1235,201112221400,201112221700
1236,201112220800,201112221300
1236,201112221400,201112221700
1238,201112220800,201112221300
1238,201112221400,201112221700
1239,201112220800,201112221300
1239,201112221400,201112221700
1240,201112220730,201112221300
1240,201112221400,201112221700
1241,201112220800,201112221300
1241,201112221400,201112221900
1242,201112220800,201112221300
1242,201112221400,201112221700
1244,201112220800,201112221300
1245,201112220800,201112221300
1245,201112221400,201112221900
1246,201112220800,201112221300
1246,201112221400,201112221700
1247,201112220800,201112221300
1247,201112221400,201112221700
1248,201112220800,201112221300
1248,201112221400,201112221700
1249,201112220800,201112221300
1249,201112221400,201112222000
1250,201112220800,201112221300
1250,201112221400,201112221700
1251,201112220800,201112221300
1251,201112221400,201112222000
1252,201112220800,201112221300
1252,201112221400,201112221700
1253,201112220730,201112221300
1253,201112221400,201112221700
1254,201112220800,201112221300
1254,201112221400,201112222000
1255,201112220800,201112221300
1255,201112221400,201112221700
1256,201112220800,201112221300
1256,201112221400,201112221700
1257,201112220800,201112221300
1257,201112221400,201112221700
1258,201112220800,201112221300
1258,201112221400,201112221700
1260,201112220800,201112221300
1260,201112221400,201112221700
1235,201112230730,201112231300
1235,201112231400,201112231700
1236,201112230800,201112231300
1236,201112231400,201112231700
1237,201112230800,201112231300
1237,201112231400,201112231700
1238,201112230800,201112231300
1238,201112231400,201112231700
1239,201112230730,201112231300
1239,201112231400,201112231700
1240,201112230800,201112231300
1240,201112231400,201112231700
1241,201112230800,201112231300
1241,201112231400,201112231900
1242,201112230800,201112231300
1243,201112230800,201112231300
1243,201112231400,201112231700
1245,201112230730,201112231300
1245,201112231400,201112231700
1246,201112230800,201112231300
1246,201112231400,201112231700
1247,201112230800,201112231300
1247,201112231400,201112231700
1248,201112230800,201112231300
1248,201112231400,201112231700
1249,201112230800,201112231300
1249,201112231400,201112231700
1250,201112230800,201112231300
1250,201112231400,201112231700
1251,201112230800,201112231300
1251,201112231400,201112232000
1252,201112230800,201112231300
1252,201112231400,201112231700
1253,201112230800,201112231300
1253,201112231400,201112231700
1254,201112230800,201112231300
1254,201112231400,201112231700
1255,201112230800,201112231300
1255,201112231400,201112231700
1256,201112230800,201112231300
1256,201112231400,201112231700
1258,201112230800,201112231300
1258,201112231400,201112231700
1260,201112230800,201112231300
1260,201112231400,201112231700
1234,201112240800,201112241300
1234,201112241400,201112241700
1236,201112240800,201112241300
1236,201112241400,201112242000
1237,201112240800,201112241300
1237,201112241400,201112241700
1239,201112240800,201112241300
1239,201112241400,201112241700
1240,201112240800,201112241300
1240,201112241400,201112241700
1241,201112240800,201112241300
1241,201112241400,201112241700
1243,201112240800,201112241300
1243,201112241400,201112241700
1244,201112240800,201112241300
1244,201112241400,201112241700
1245,201112240800,201112241300
1245,201112241400,201112242000
1246,201112240800,201112241300
1246,201112241400,201112241700
1247,201112240800,201112241300
1247,201112241400,201112241700
1248,201112240800,201112241300
1248,201112241400,201112242000
1249,201112240800,201112241300
1249,201112241400,201112241700
1250,201112240800,201112241300
1250,201112241400,201112241700
1251,201112240800,201112241300
1251,201112241400,201112242000
1252,201112240800,201112241300
1253,201112240800,201112241300
1253,201112241400,201112241700
1254,201112240800,201112241300
1254,201112241400,201112241700
1255,201112240730,201112241300
1255,201112241400,201112241700
1257,201112240800,201112241300
1257,201112241400,201112241700
1258,201112240800,201112241300
1258,201112241400,201112241700
1260,201112240800,201112241300
1260,201112241400,201112241700
1234,201112250800,201112251300
1234,201112251400,201112251700
1235,201112250800,201112251300
1235,201112251400,201112251700
1237,201112250800,201112251300
1237,201112251400,201112251700
1238,201112250800,201112251300
1238,201112251400,201112251700
1239,201112250800,201112251300
1239,201112251400,201112251700
1240,201112250800,201112251300
1240,201112251400,201112251700
1241,201112250800,201112251300
1241,201112251400,201112252000
1243,201112250800,201112251300
1243,201112251400,201112251700
1244,201112250800,201112251300
1244,201112251400,201112251700
1245,201112250800,201112251300
1247,201112250800,201112251300
1247,201112251400,201112251700
1249,201112250800,201112251300
1249,201112251400,201112251700
1250,201112250730,201112251300
1250,201112251400,201112251700
1251,201112250800,201112251300
1251,201112251400,201112251700
1252,201112250800,201112251300
1253,201112250800,201112251300
1253,201112251400,201112251700
1254,201112250800,201112251300
1254,201112251400,201112251900
1255,201112250800,201112251300
1255,201112251400,201112251900
1256,201112250800,201112251300
1256,201112251400,201112252000
1257,201112250800,201112251300
1257,201112251400,201112252000
1258,201112250800,201112251300
1258,201112251400,201112251700
1260,201112250800,201112251300
1260,201112251400,201112251700
1234,201112260730,201112261300
1234,201112261400,201112261700
1235,201112260800,201112261300
1235,201112261400,201112261700
1236,201112260800,201112261300
1236,201112261400,201112261700
1237,201112260800,201112261300
1237,201112261400,201112261700
1240,201112260800,201112261300
1240,201112261400,201112261700
1241,201112260800,201112261300
1241,201112261400,201112261700
1242,201112260800,201112261300
1242,201112261400,201112261700
1243,201112260800,201112261300
1243,201112261400,201112261700
1244,201112260800,201112261300
1244,201112261400,201112261700
1245,201112260800,201112261300
1245,201112261400,201112261700
1246,201112260800,201112261300
1247,201112260800,201112261300
1247,201112261400,201112261700
1249,201112260800,201112261300
1249,201112261400,201112261700
1250,201112260800,201112261300
1250,201112261400,201112262000
1253,201112260800,201112261300
1253,201112261400,201112261900
1255,201112260800,201112261300
1255,201112261400,201112261700
1256,201112260800,201112261300
1257,201112260800,201112261300
1257,201112261400,201112261700
1258,201112260800,201112261300
1258,201112261400,201112261700
1260,201112260800,201112261300
1234,201112270800,201112271300
1234,201112271400,201112271700
1235,201112270800,201112271300
1235,201112271400,201112272000
1236,201112270800,201112271300
1236,201112271400,201112271700
1237,201112270800,201112271300
1237,201112271400,201112271700
1238,201112270800,201112271300
1238,201112271400,201112271700
1239,201112270800,201112271300
1239,201112271400,201112272000
1240,201112270800,201112271300
1240,201112271400,201112271700
1241,201112270800,201112271300
1241,201112271400,201112271700
1242,201112270800,201112271300
1242,201112271400,201112272000
1243,201112270800,201112271300
1243,201112271400,201112271700
1244,201112270800,201112271300
1244,201112271400,201112272000
1246,201112270800,201112271300
1246,201112271400,201112272000
1247,201112270800,201112271300
1247,201112271400,201112271700
1248,201112270800,201112271300
1248,201112271400,201112271700
1249,201112270800,201112271300
1249,201112271400,201112271700
1250,201112270800,201112271300
1250,201112271400,201112271700
1251,201112270800,201112271300
1251,201112271400,201112271900
1253,201112270800,201112271300
1253,201112271400,201112271700
1254,201112270730,201112271300
1254,201112271400,201112271700
1255,201112270800,201112271300
1255,201112271400,201112272000
1256,201112270800,201112271300
1256,201112271400,201112271700
1258,201112270800,201112271300
1258,201112271400,201112272000
1260,201112270800,201112271300
1260,201112271400,201112271700
1234,201112280800,201112281300
1234,201112281400,201112281700
1235,201112280730,201112281300
1235,201112281400,201112281700
1236,201112280800,201112281300
1236,201112281400,201112281700
1237,201112280800,201112281300
1237,201112281400,201112281700
1239,201112280800,201112281300
1239,201112281400,201112281700
1240,201112280800,201112281300
1240,201112281400,201112281700
1241,201112280800,201112281300
1241,201112281400,201112282000
1242,201112280800,201112281300
1242,201112281400,201112281700
1243,201112280800,201112281300
1243,201112281400,201112281700
1244,201112280800,201112281300
1244,201112281400,201112281700
1245,201112280800,201112281300
1245,201112281400,201112281900
1247,201112280800,201112281300
1247,201112281400,201112282000
1248,201112280800,201112281300
1249,201112280800,201112281300
1249,201112281400,201112282000
1250,201112280800,201112281300
1250,201112281400,201112281700
1251,201112280800,201112281300
1251,201112281400,201112281700
1252,201112280800,201112281300
1252,201112281400,201112282000
1253,201112280800,201112281300
1253,201112281400,201112281700
1254,201112280800,201112281300
1254,201112281400,201112281900
1255,201112280800,201112281300
1255,201112281400,201112281700
1256,201112280800,201112281300
1256,201112281400,201112281700
1258,201112280800,201112281300
1258,201112281400,201112282000
1260,201112280800,201112281300
1260,201112281400,201112281700
1234,201112290800,201112291300
1234,201112291400,201112291700
1235,201112290800,201112291300
1235,201112291400,201112291700
1237,201112290800,201112291300
1237,201112291400,201112291700
1239,201112290800,201112291300
1240,201112290800,201112291300
1240,201112291400,201112291700
1241,201112290800,201112291300
1241,201112291400,201112291700
1242,201112290800,201112291300
1242,201112291400,201112292000
1243,201112290800,201112291300
1243,201112291400,201112291700
1246,201112290800,201112291300
1246,201112291400,201112291700
1247,201112290800,201112291300
1248,201112290730,201112291300
1248,201112291400,201112291700
1249,201112290800,201112291300
1249,201112291400,201112291700
1250,201112290800,201112291300
1250,201112291400,201112291700
1251,201112290800,201112291300
1251,201112291400,201112291700
1252,201112290800,201112291300
1252,201112291400,201112291700
1253,201112290800,201112291300
1253,201112291400,201112291700
1254,201112290800,201112291300
1254,201112291400,201112292000
1256,201112290800,201112291300
1256,201112291400,201112291700
1257,201112290800,201112291300
1257,201112291400,201112291700
1258,201112290800,201112291300
1258,201112291400,201112291700
1234,201112300800,201112301300
1234,201112301400,201112301900
1235,201112300800,201112301300
1235,201112301400,201112301700
1237,201112300800,201112301300
1237,201112301400,201112302000
1238,201112300800,201112301300
1238,201112301400,201112301700
1240,201112300800,201112301300
1240,201112301400,201112301700
1242,201112300800,201112301300
1242,201112301400,201112302000
1244,201112300800,201112301300
1244,201112301400,201112301700
1245,201112300800,201112301300
1245,201112301400,201112301700
1246,201112300800,201112301300
1246,201112301400,201112301700
1248,201112300800,201112301300
1248,201112301400,201112302000
1249,201112300800,201112301300
1249,201112301400,201112301700
1250,201112300730,201112301300
1250,201112301400,201112301700
1251,201112300800,201112301300
1251,201112301400,201112301900
1252,201112300800,201112301300
1252,201112301400,201112301700
1253,201112300800,201112301300
1253,201112301400,201112301700
1254,201112300800,201112301300
1254,201112301400,201112301700
1255,201112300800,201112301300
1255,201112301400,201112301700
1256,201112300800,201112301300
1256,201112301400,201112301700
1257,201112300800,201112301300
1257,201112301400,201112301700
1258,201112300800,201112301300
1258,201112301400,201112301700
1234,201112310800,201112311300
1234,201112311400,201112311700
1236,201112310800,201112311300
1236,201112311400,201112311700
1237,201112310800,201112311300
1237,201112311400,201112311700
1238,201112310800,201112311300
1238,201112311400,201112311700
1239,201112310800,201112311300
1239,201112311400,201112311700
1241,201112310800,201112311300
1241,201112311400,201112311700
1242,201112310800,201112311300
1242,201112311400,201112312000
1243,201112310800,201112311300
1243,201112311400,201112311700
1244,201112310800,201112311300
1244,201112311400,201112312000
1245,201112310800,201112311300
1245,201112311400,201112311700
1246,201112310800,201112311300
1246,201112311400,201112311700
1247,201112310800,201112311300
1247,201112311400,201112311700
1248,201112310730,201112311300
1248,201112311400,201112311700
1249,201112310800,201112311300
1250,201112310800,201112311300
1250,201112311400,201112311700
1251,201112310800,201112311300
1251,201112311400,201112311900
1253,201112310800,201112311300
1253,201112311400,201112311900
1254,201112310800,201112311300
1254,201112311400,201112312000
1255,201112310800,201112311300
1255,201112311400,201112311700
1256,201112310800,201112311300
1257,201112310800,201112311300
1257,201112311400,201112311700
1258,201112310800,201112311300
1258,201112311400,201112311700
1260,201112310800,201112311300
1260,201112311400,201112311700
1234,201011011400,201011011700
1235,201011010800,201011011300
1235,201011011400,201011011700
1236,201011010800,201011011300
1236,201011011400,201011011700
1237,201011010800,201011011300
1238,201011010800,201011011300
1238,201011011400,201011012000
1239,201211010800,201211011300
1239,201211011400,201211011700
1240,201211010800,201211011300
1240,201211011400,201211011700
1241,201211010800,201211011300
1241,201211011400,201211011700
1242,201211010800,201211011300
1242,201211011400,201211011900
1243,201211010800,201211011300
1243,201211011400,201211011700
1244,201211010800,201211011300
1244,201211011400,201211011900
1245,201211010800,201211011300